100
-117 386
277 415
-165 293
-114 -8
-79 149
-473 -138
-441 190
263 426
-74 40
-328 236
-289 -132
-71 67
30 282
-377 362
-433 -365
302 429
-478 -442
-431 -333
-107 -44
-489 -458
-271 -127
-79 419
37 284
-302 -176
-185 -130
-87 26
-409 480
373 456
-330 362
-219 496
-195 425
-416 -173
-164 5
229 346
-187 357
-376 395
45 82
-133 314
-136 -66
-457 250
-413 308
-322 -224
84 288
-97 151
-101 254
-440 432
-132 176
-488 239
-274 86
-406 39
70 295
-122 -66
-33 101
-403 402
-183 -8
152 256
-220 -199
-214 -59
189 365
-56 119
-60 229
-469 -383
-403 271
-19 175
209 427
67 356
-147 -3
86 465
-194 183
-281 124
28 371
232 329
-481 3
-230 -132
208 215
-351 -160
223 296
-255 118
-49 346
55 421
-121 -12
-272 264
-150 341
-307 0
-466 264
-376 414
356 487
-9 243
-273 -135
359 436
-68 51
-272 -63
-225 -93
-379 -26
-105 358
-471 -263
-265 293
-72 318
-489 -357
29 428
1000
-594326116 -242747090
-1794998145 2134555446
1927905816 2074347722
-2109930383 1843865286
1203031067 1518771653
-1112070799 1878593989
1774141234 1787885644
-2009994556 -1298721545
-1752270290 940049704
-2003312337 2025988159
-1807265846 1689836642
1423109762 1921231314
-1911330175 -1478377890
-1640111113 1141899391
-2020559240 2024328070
-846815309 1955060124
-1851386735 1331621540
1015494636 1674747686
-1782621945 2051564929
-2009729757 1115388104
-1806312469 2121588811
-262922116 1341528823
-1151165401 1732866732
-1807954815 -302099011
-2006897904 -1413690872
-1713217522 -464668378
-1987832253 937737201
-1476170997 -1380879699
1690135520 1856713668
-1942333367 1861027546
-939769789 859365085
1070909418 1330976576
-1596219671 -1008071546
-740977689 1784657933
-2033327019 1863562642
480553144 1621469691
907385714 1399875477
-1370476032 1823281522
-1244414286 1384480521
-1055054614 1558124611
-1665744182 2112608488
-1357179141 1224796790
-2075253298 -1453658409
-949900247 893775148
-887897294 876916105
-656322098 1070021463
1470547188 2059653117
1036064715 2059185585
225336708 2020347146
-1858353586 -1635128491
-1914408516 1522024717
-1733000452 2055060456
-1856550660 1388144001
-2011194652 -1685513515
-1946957399 362769313
-1894943711 1518752546
-1805690960 -1641814057
-2070762151 1493517860
-1155200485 1136375148
1684352886 1740455163
-1070039400 1291797335
1324448055 1609896764
1224016458 1476544798
-2055537554 1637202491
-1134070465 1954433041
-2126441111 -1082822115
-1338162627 1399931310
-1586691265 1974018342
-1973491163 -1117316283
398934714 1609071678
-1571674087 1732106077
14677238 1217213355
-1045989209 1122093887
-974206077 2075617022
-1994413186 1418628058
-1942867819 -1063838993
-1931472512 -1253440906
-1804541933 -705568681
-2046604980 -1106248385
-1269944514 -560976715
-1588293598 -746248733
-1294729576 -1152197850
-922705828 1862219107
-728907679 1369061236
-2094949072 -993349165
-1626717812 1475103198
-1677053694 1314227569
-1400893405 1293768579
-1720113300 1200118463
-1954685243 1196276875
1404022904 1578515054
-2084294430 -1317120023
-1132741210 285580264
-1636283561 950025728
-1716288786 -958301965
-1526542524 -211370211
-717045225 1868980200
-1254154240 1496124559
-318697883 1378264307
-1798803445 -973515458
-590306327 1576735256
-1900023364 1746321416
-922553403 1799733020
1754996072 2094250083
-1633779618 1229560172
-1561447231 1330864898
779004277 1731394252
-1348377873 2003099084
-385538699 1333686518
-1539848926 -848920096
-1614409057 962556918
-757913464 1608020191
-1999379634 -1097635856
-766209637 1001478966
794874601 1723063410
760684077 2063282796
-1910416684 603042923
-2112957341 1470561739
1567152569 1911640666
-1811489939 1625373911
-929245492 1001929687
-1386516549 1200904667
-2088635557 1852716719
-996313679 841062527
-1330076759 -923350740
-2039224854 -1681207289
1384160581 2144121311
555616828 816729096
-354217080 1389788901
1559114053 2107200728
-2016616348 1623172018
-1913896064 -554874262
1927917862 2050059318
-1548198241 1191479455
1520748491 1564104371
-1449470462 1529784069
-2070006103 2091074440
1849628425 2022254577
-1174300305 2124801288
-1342541743 1087567728
-1071114042 1261899700
-1390788697 -653471022
145553228 1511617355
-2145018316 1057271410
-1444063009 1171943581
1448760971 2076134517
-1454713899 707100436
-2075407378 -2030609912
-1646627875 1684668945
-1470866407 -716617249
-2044585807 1898475394
1104273278 1943012112
-2096064349 -1909081809
-372842710 1841560404
-2074462430 1913219534
1568668392 2100264517
986258032 1711187367
1703626223 2137051613
-1723977548 -1598660780
1187989648 1911887240
1311823378 1316003162
1407077327 1593444195
1263087493 1856360370
-1136858278 -477978642
235915156 1512275029
-2067188452 2113526481
-1420025626 2031580675
-1839799143 -1288266612
-1796489133 1029456902
-1728119175 -684063170
-1396646967 -685619853
-1973078375 -1845124981
-1383726702 1506066765
607614259 2090163259
-902818165 1826933896
898863314 2127439287
1046812893 1610822423
-849020525 1565155215
-612436723 937848790
-1919287879 -1706117360
-1496032929 -761172281
-1700830035 1721752496
-991716031 775333203
-2034245031 1157005113
1606764290 1764701385
-1728399566 1528524133
-954539542 1644052953
1431143340 1434259800
-1430765858 -953308259
1109920970 2002078498
917509751 1766932866
-1654424278 1456748876
1025957969 2130849223
-1938386630 1940465376
-1421595917 472752581
-569568602 2092141482
-1714867395 -1709347821
-1515305069 -849910077
1285827325 2131799280
1889163803 2142114539
-1937873269 -1767037523
988517942 1174636580
-1852274181 1910071734
1220799257 2020273702
846079144 1940626616
-288500969 1729885521
-1518754243 1158316215
-1139701633 1130943574
-927499145 1138047687
2065724931 2100932843
1522289322 2121783176
-2045946852 -611924710
-435071490 158015463
866840853 985396305
-1285952110 1149175979
-1208261346 1865979820
-1125739170 1644025605
-2074741692 1846133463
-2104331084 -1526668517
-1904438792 -479961074
-2108114523 -452431113
1020994304 1102787398
1686148843 1909979999
-1992161106 -1809947265
-1657872992 -898144348
-2137583403 -1995700672
-1526545187 781488529
-1949741479 1966515426
-885606923 832506751
1752129439 1928494054
-1989409630 -975500718
1768682133 2112744707
-1474321894 721316527
-2132377820 -501786036
-1411368840 777021677
-976515375 1304235879
1924553133 2110137770
-1726734915 1434654934
-1474973736 -1255264337
-1742966109 1968673530
1415605914 2072080730
575747200 1760741294
1193522373 1283229433
339533588 1948822335
-1555408238 1655140986
-555836753 1645801999
-1682946987 1401466490
-382320865 1193862929
1058162924 1946733495
1909363595 1947104930
-1308288292 -804065388
-1742956796 -795660208
-1338244302 1799554923
-1292987184 1468701540
-1557698495 1331135679
-1492674893 -1392859200
1982099866 2014049743
-1520102493 1299213850
-1473928224 631459601
-641216032 1821794067
308728520 948170645
-1410531287 1911146416
-1184581698 -584299035
524568322 2043613263
-764653525 1512466981
-2127903187 -1621997764
-1576452546 -184319743
-2102035356 332803119
648802399 728891289
-1876005597 -1502386131
1507263615 1905172386
-1013344583 1178042219
-1474092169 947949022
491486889 1386107825
-518368627 482896745
-2092486846 1521963975
-2045235554 -1691517517
-1711735754 414623199
-1939622215 -948562555
-1692914650 1799292348
-1462784736 1820932417
1483352948 2073192629
869211874 936950764
-439386879 779418814
-1812769830 1962829128
-1737276819 -1581494073
-1745203031 2003971915
1950487180 1984810093
108054690 1663888246
-1577151839 442369399
-1931214934 1964741869
1690751256 1832061981
-1499040508 1587226700
468018144 1877376141
-1315623911 -1158460921
-1024917933 1980287029
-1810359261 2122105393
-1947967413 1638727860
1796311308 2052663117
-929923302 192666785
1237165264 1629843367
-1048252778 932952555
-1895291735 -1872599370
-2098937917 -1380364526
2011699708 2013727942
-1707325027 813474588
-1667966403 -718918448
-1842889780 -1839071789
-1930321911 -1782332413
767442936 1884815101
-2027580257 -742331594
-1900574817 -1018452609
191616600 1618125281
-1426722145 -1090504253
-2086286626 -1144713369
500484954 709275615
152744480 1867760984
-1756158341 2049775313
1507355124 1821264891
-1956839470 1867417081
1014036000 1796059382
-2052915526 -525308712
1736640561 1788643705
-1625927612 -1340195088
564376450 1424862523
-1132197477 1465181545
-1658620477 2129421602
-1085715519 1941775071
-1999061361 -1107553546
-1155400691 1663117986
-1748728093 1341916767
-1163804959 1594612109
-1618196071 2077245396
-1669310621 1919731395
-1761061214 -500940099
1603540737 1771064662
-1136875066 489148513
-2132489936 1257057751
-1659032740 -813422788
-1694271098 1733187161
-1354789415 379590228
-2057063836 -1237075092
1477544848 2053507326
-1997175904 2005551608
-1503244539 -1274354483
-1423599212 1301872146
205304083 536981293
1269638680 1641016761
-361849931 1185716528
-2122522330 1845389617
-1281867593 1440549411
-2018390616 -492103590
-2127673380 1890345077
1956030048 2053432380
-614300713 769769448
468212499 570187234
-2011057744 -1492562453
-2055111430 -1262927192
-1528870985 -619205667
-1463428294 512109566
-1868839056 1447560326
-1851637509 -847779077
-545849229 1340741826
-2118757807 -818565498
-628134472 1626731276
-1111009447 2006594496
1104541476 2074639549
-1802504843 -1543251063
-1080013145 694236463
-1615622403 901162210
-1869807395 -1866035064
-1219256507 1636048485
-883147649 990049130
-1851175429 2126578264
-1422734373 -546313287
662729589 940796478
-1432700083 1203423439
1224099978 1971258757
-1179051998 1460404108
-1739630191 1956882961
156649913 1276942272
-2097785135 -928103026
-438695473 -350769035
866374332 1668926606
362884339 1049620025
-1834816213 -1202434415
-1572926806 974846499
-1514364750 -484827622
-689792180 1955050470
-1136708438 -811655633
-1323889952 -850464114
-1073302906 -1023841369
-604154758 876565752
-1248309856 1481584222
1109236602 1587612221
-1854870076 774606893
1110211374 1504933023
-538362487 1678336371
-1601900975 1975199239
909344851 1646334751
-1396790976 977136526
1460041942 1602846964
2002955117 2140934311
-1988011877 2036369275
-1937285110 -935231570
-1174883709 959120802
-1578560127 -1157021267
1109954618 1738194263
-609249459 296673814
1750962999 1945440537
-1830846599 77471787
-2058454464 2140513615
-1182029230 1975170856
-838730326 2091763416
-1566505734 1573644404
-415281487 2051539289
-743387472 145598666
-1154023029 1780913107
-1721308319 1355512488
598339287 1037289822
-1525049846 1793314950
-1067566788 1212834506
-1041166966 1803350281
-1842305141 -943139988
-878022524 1663009254
-1947628456 852957092
-1295057944 1579918634
324985402 1698337719
740001446 1876791488
925401329 1581137609
-1252876959 -814154214
-1669894256 -1296338014
-1645026196 1650562370
-889182053 875657468
-1369666386 487063320
-1936278383 1414008645
-1073864279 2085458833
-1523842277 1883255064
-1947807045 608633392
685789652 1830163301
-1111307710 1417493478
-1693723896 396178002
-2037246109 -1226324934
-1960587616 -1627404626
-1035431194 2083570692
-1778268076 1977167005
-622944115 1478201975
-1800843644 1619714412
1035391542 1251092642
-1764455329 1529809830
573244663 1016809905
-1858416283 2020656099
-1362600824 1994943137
-2032024053 1833048775
-1970318566 1722990571
1702844665 2084945579
306240657 1906621030
-1832962527 -1365972715
1647906481 1993456010
-959757529 360194137
-1788663459 -1435155193
-1995791938 -939331230
-1225063679 320303531
-1465365439 1909122588
-1337760113 1832735375
887538634 1677627844
-905411989 1658639935
1317499739 1909040400
-1982721390 1016427386
-1437351050 895317731
-1536735119 -1241382969
-1617347694 2040647439
-1932323118 -1718389540
-2000845501 -664645136
-656823016 1671023938
865345223 1372594325
-1424099071 -1245075589
-1831013990 762787612
1467979843 1745923611
-2081463816 663305578
194491082 1051637993
-763604120 1729839037
-766495991 1979273897
1980621843 2094419356
-1553226137 2103837462
-1761695251 -1564386031
1495393810 1704400391
-1043868220 1820624984
-1938722000 2051600586
-1752721016 2015052978
1044496364 1874599523
903744155 1661752360
-1851683321 707563141
-1759610330 1890929647
1250055550 1472198340
-1134511553 1715210285
-1387643606 213957105
-1910497268 -1134632866
-1820714695 -1246188075
-1566452522 1671839975
-1645738269 2033670461
-1715712269 -1279011026
-1245657901 834408760
-1970251793 2021462621
-1158435709 999908700
-886255259 1911762221
-1476456845 -946486311
-1601973329 1081138433
-1754315098 596958058
-1566057648 1936874396
-1121548742 -711008444
1250565942 2004896023
1533732895 2094028956
-2059492316 2094216156
-1771085620 1873083509
-1870105589 2011076065
-1065782752 -829117769
-1955200498 1731556136
998894995 1094981768
-1953376124 1509921274
-603835490 1809715218
-1390789724 -148523286
-1904309670 1685411204
-1783956285 -1394079681
-1115440821 689641733
-1784284057 -1186612140
1226122710 2061743794
-1884391793 1484730857
-1898463145 1681771154
-1819111689 -1782432438
-1432492064 -1374208431
1450965385 1829088779
-1771220090 1253171748
-1195843768 -998065725
-1528644369 927069052
-975437908 1115484334
836981858 1521563461
940753271 1810258258
-1054259621 1716234937
-691198506 1769086934
-1415253319 -1125283528
-1803820921 1714149154
313409040 1087812464
-2005892372 1533440801
-2114361092 2078665215
-1709003969 609972388
-2073820287 1576563747
-932470090 1928409472
-2097940931 2072942067
-2033619222 1539852927
1314051448 1949196658
-1225606226 -1012811954
1607529217 1937788099
-1898742013 -1496586503
-2040458284 1760487838
875988767 2054569818
-735714696 1070568334
-1567657027 1720320759
-1978767715 -682145592
-1925726408 -1701080625
-952751839 2123950198
-1906637824 -1724777834
-752219970 2050513568
1580465875 1851770100
-1653278513 1258978735
-1180995471 206365969
-1856375557 -1327057470
-974205853 1911435857
-1622556624 -1490654323
-1527860785 -772531116
1609266318 2057001140
-977730906 282124528
1113063678 1993533931
1850361421 1947742570
-1303833623 1790133154
-1543251302 1566286254
1894932219 1965671649
-1823844310 1155167073
-1913009320 -216981133
-462008747 1723140200
-1913238353 -1306010588
-176999069 1067654784
-2021612416 1274253192
-621252053 1859262949
-1757407166 768687731
-1754162748 1973782954
-1200610995 1465000706
-1906000484 2091719689
1627307057 1654046891
-1934498093 2143698778
1068960366 1257782485
1963524122 1980950029
-1907516109 -1786384286
-2020443168 -1210224963
-1888306752 -1216723618
-2039767878 -1699934150
381894275 1431160563
-2012466274 -1213747030
550360369 2029330293
-1511530644 -1196354598
942187390 2086339538
-1534721382 2066648676
-1633698238 -125315394
-1232035998 1075352102
1717423205 2052126209
1097756790 1626500260
-1751705822 -1453891131
-2089501229 694916462
-1635832006 -637596719
1280741729 2069397680
847104711 1397034352
-915264104 1137826712
-1783360728 412723200
1975241285 2020000164
-1804883869 -296587971
1615201220 1671288595
-1737297763 -1385919390
1008857423 1119177734
-1448613346 1630935302
-1750504012 -1613756854
-1406494400 1852533304
-2093326200 -1974784468
-594668447 881800107
328886894 1666447574
-37171624 964006476
-1864966901 680164289
-1843054647 670600417
879287142 1736005510
-2030339556 -270200758
-1729686265 943016875
-2120632634 2076354668
899749086 1875846780
1094810690 1834263263
-1936252809 -1519413478
530559848 1770654967
1949411310 1994183789
-565774672 1688687941
-2012337871 -1985929144
1659335392 1822635295
-1603340220 1437478197
868797909 2080068133
-656281930 1493153829
-185623642 1284124909
-1819465316 1295514573
-1794039854 1094669286
-1565721036 -853651787
703403817 831814994
-2101585165 -1408465931
-1608346022 1246067357
-1683420303 -1607122919
-1146350691 2118524756
-1415953990 1198373914
908530360 1996295584
687488810 2066816007
860562179 1870283424
-506370299 884943632
1329482485 2069633121
-1330236358 1308889067
1394250437 1491689666
1804495393 2054844080
-1960736729 2094397642
488982531 620420679
-1907523775 -1901427762
-1668101002 -1473883846
-1745982531 1058259478
1454927315 1872928561
-1467493094 516311518
-1967639327 1759714511
-1244939243 1572874861
-1291019353 1240826969
-2021327595 1226568445
-2073639620 -751978518
-2109231966 1367332576
-2113179568 1376470349
-1166652474 974287550
-1995276752 245979555
-626760537 524005397
-46534359 1639455503
-1818073433 -1729599885
-1268884258 738501530
-1514356946 2119669854
-1466935980 557105885
-2040526416 1918574307
-1609441989 1165594175
-1622136093 1984245887
-1224898030 -1053137998
-488636365 1655250077
-1939268023 1178134659
-990672497 1303216892
-649823894 703455733
-1655867040 1097826825
-600334041 1863781118
1029277453 1199326708
-1743656935 -921059136
-1982428132 1488368870
-1026926886 1669340747
-2034912729 -932870179
-1902382008 -1902351700
-1316170345 -1080119633
-1901007957 -1810762454
155992778 1420231078
-1672473806 1342138104
-945440441 -914120761
482726009 1013336499
-744915091 1998535524
-2089439692 843115016
-1314551268 1909069456
-1769756824 1905407581
-1673747443 1464305651
-1997837450 1341983433
1588811405 1589445088
-1612353070 -1027040349
-1627499270 2023198406
-1665117369 1703436306
-1901709203 247223084
-584154529 2065098741
-1872059486 1539111230
1340097346 1808079447
-1017329640 -911394288
-1668841780 1174728337
-2137564902 -2022226244
1073186402 1807583685
-1001251470 1322659229
-1615210619 1442228772
1232767554 1631625620
-541819226 1567467369
-1494232258 2143404242
-1829477223 717878000
-1327273451 1486249886
-1623138181 1730913491
-2062312001 -1759850292
-419880071 2146363394
-1933710523 307261037
-1963589071 -441232809
-1687771703 -1422146931
-1041840106 1969039225
-2008617174 1719758107
-1961177708 258680326
-2085690274 -581263581
-456305162 1798878007
-501075669 -188256167
-1074801190 -383602314
-1627518773 853828002
-1053733402 1649325918
1737841636 1895828662
-1770178969 -1652131652
-1941355106 -1647712475
1060428414 1870174033
-1904800375 2041905535
-1095566375 1734412854
-1181582389 1913402602
-1894738542 1144784578
-1658122046 1839625058
-841719313 827780547
-2045901824 -1256051658
1849001521 2034182485
-164262908 1254242982
-1835430781 -702735806
175333311 1281929397
1377777599 1493216694
-2081719814 -1445722717
1257412417 1927453470
373520831 1665577127
963034761 1285524187
-138568002 389601780
-1236517364 2097515077
-1896026962 1580086537
1445482630 1579768030
-1890176451 1880299499
-1945744786 2141570579
-1438804817 -1268208237
-1312004286 967980650
911947118 1912104268
-1426484711 -1144586135
-1295939716 987343287
963982315 1796588733
-1729610021 1687026435
2071624618 2091172949
-1648396145 316541342
-1649240742 229618201
-1209033218 148997154
-1888718428 2003543867
1128745777 1813051194
-821135619 1394137468
-2070995641 684263146
-1540311182 1280320581
-1343438288 2075734516
1098992590 1565151793
252400765 1299434389
1998898116 2015567943
-1984281943 1621475138
-1614827242 1758011109
-1939526743 -1224740592
-1537710257 1738843181
568623370 1834988074
1824963119 2034486763
-1805073558 2132408469
-1496913782 1891629877
-1330984112 992690315
-1425666043 -750585979
-1874983349 2134491135
1700140652 2010599631
-2120825199 1530953883
-2109620081 -1729452779
-2094418202 970935347
-1319286979 2006611327
-1525054137 1102654214
-670785540 1198750058
-825934813 -364945221
-2033116378 1613058239
-2090005467 2077393765
-2092796363 1108381948
-2029353510 -1336095605
-1494598613 646915224
-834495598 1141188268
-714956227 1550012008
-2075366161 1480798448
-1613263094 -1464246098
-411292208 961088655
-1460443163 1898631457
-146179397 782428441
-2092846730 1770080563
-1104114570 1731879430
-1212478187 -913295736
-1975492718 -1303486168
-679107499 -283997667
-1051894798 1969916770
-1943515536 -832839418
-1588959103 1409272513
-1463432896 1384902501
609200785 944906645
-809567337 -744629323
-1864893559 -334957140
-1314244681 -734835471
1744554907 2032947395
-2000263073 628080830
861304515 1353779126
-1260617066 379511301
-1988690882 1863384137
385434685 989008700
-1059236705 1579006388
-1272402268 1588492773
-2101377771 849976987
-1583427245 2097279523
-1237659888 -444540964
-2020868450 1808181762
-2016920147 1381137973
-1581007916 -1251151159
-1956976390 1494261816
-1884723468 982404677
-1330403231 983052766
682095581 1577976683
-1467603412 1317461054
797650049 1629651858
-2018753750 -1498472527
-1893516247 1382439396
-1454279544 -177394880
1204463038 1264830344
-1657575833 -1506547549
-737925634 1647508633
-1735737717 1795645208
-1399033612 1654129501
-1670367663 -1352162527
-1816902263 -1815654692
1603223523 1979749775
-1613220927 -1188039772
-1673612207 1197495934
1246627957 1515006960
1552288031 1825384058
-538503518 1823811604
-1477787794 -1453174011
-1645557701 2048676513
-1529614910 1155958889
830555464 1417270808
-1967637014 -1569394978
-1210118816 1627088057
1108780504 1731338913
-1638594193 1401103101
-1174663534 -268167699
-2114857175 -1956059575
607471971 1156504479
-828888463 1961424272
-727221797 169950242
954543119 1842295840
552312252 1373869684
1901344443 1946065256
913860801 1911655807
-546789760 2135072637
764889045 1498709647
-1574866720 -577098538
-1728462253 -757593644
-2091945481 917426284
-1733701524 -1412135787
-2083140269 2026571461
894323830 1739435890
408216283 1931595420
-1019653161 723634702
429263470 1886871516
962118452 1545842547
-2085736162 1326227349
-1699462616 2023357057
-1599573810 -1504311118
-1806603697 1885030433
673992541 1866886960
-1557909470 2052689000
-792696852 1182753687
-1940440886 1458239920
-1596408464 1876933229
-1403163790 1507767862
-1369978545 1511460628
-2099427515 1977332305
-1936986187 -1486668692
-1989303068 -1246994516
-2028854224 1129033687
-1070710067 2080631313
-1553021214 -732079762
-1668022315 -1568692614
-1463601495 -451704752
-1648085916 1871348025
-1196784004 2029468752
1509966833 1553133062
-1216176815 -360535698
1382692863 1997434673
-659038116 1783195752
-336138468 1426301202
-1452845654 -576684372
737784334 1679342989
-243552728 659935124
-1961219534 1757930979
1545824033 1737347026
402350930 2031711511
1431646350 1711219680
-1474320036 1881926756
-1560245654 452422391
-1733129963 1944791768
-1680642930 1437215064
-1668650397 522827784
1589416559 1699989215
-1489276763 1735080304
-1494650157 1104157048
-1621069746 2143842542
-1856293071 -1601168585
-1714420629 1131469707
-1601741704 1553008571
1181260892 1468863519
-1392403375 1909015459
-1976983757 -1785375365
-505990382 2113257097
-1954028418 -1013408230
-1736570019 -447044606
1513764694 1743880387
980592719 1105626226
-1113720163 1337802528
-932449656 748136423
-2101674041 -1859407565
-1702883247 1949992870
-769657723 2121199048
-1933116660 -918877969
-532277226 1640154673
1000355097 1974407729
-1659849939 1655982863
-2140560848 -2011410517
-1994291813 -1941248732
-2083168184 1235847870
-1724823754 945328779
740343803 1396971469
-1818699304 1438043244
-1441205075 -1131087654
-1865284881 -1665894976
-899055230 1041811019
-1805629672 1999412493
444200305 1256790074
-593516785 1214330974
-1776841523 1668148928
-2107277691 855134897
1249623218 1940396813
-1946093601 -1898541194
-1783250147 751507480
343763355 1112256917
1655188636 1691213040
-1871649874 1901150941
-1618256556 1345902370
-1914442550 -831566067
1066392560 1925084512
-963540967 1523914191
-2040703636 363500026
-1987150484 731374349
-1519473143 1372800000
-1757409533 1550320179
-1746683780 1488734258
-1345191126 2116505284
-1541046943 -381484708
-1991770491 -1944333140
-2036678375 -921007082
1117283366 1528967452
-1234145059 -1092635766
-1930744090 -678416636
-1791259448 1064914023
-1932325287 -1847867364
-1511352021 -786823614